  8.50e-01  5.59e-01  8.73e-01  2.76e-01  2.96e-01  3.03e-01  7.13e-01
  1.71e-01 -1.57e-01  4.47e-01  6.55e-01  3.17e-01  5.02e-01  2.73e-01
 -1.17e+00  6.85e-01  1.14e+00  9.48e-01 -6.26e-03 -6.26e-01  4.66e-01
  3.44e-01  2.18e-01 -1.11e-01  3.93e-01  1.38e-01  6.64e-01  1.75e-02
  6.94e-01 -2.36e-02  2.11e-01  5.73e-01 -2.64e-01  5.78e-01  4.53e-01
  2.49e-01  1.02e+00 -8.96e-01  1.10e+00 -1.29e-01  1.06e+00  5.20e-01
 -1.02e-02  8.04e-01  3.89e-04  3.77e-01  4.04e-01  2.94e-01  4.35e-01
  6.51e-01  6.06e-01  4.84e-01 -7.75e-02  5.57e-01  2.24e-01  3.97e-01
  3.34e-01  5.31e-01  1.46e-01  1.79e-01  5.87e-01 -1.29e-02  7.11e-01
 -1.18e-01  5.14e-01  1.28e+00  3.47e-01  6.86e-01  5.39e-01  7.04e-01
  4.55e-01  3.19e-01  7.16e-01  2.79e-01  7.99e-01  3.76e-01  1.55e-01
  1.91e-01  5.84e-01 -4.59e-01  3.76e-01  6.69e-01  7.50e-01  6.53e-01
  3.70e-01  2.89e-01  6.53e-02 -1.42e-02  6.00e-01  6.37e-02  1.41e+00
  1.61e-01  2.53e-01  3.98e-01  9.37e-01  5.73e-01  6.96e-01  4.42e-01
  6.83e-01  6.83e-01  4.74e-01  6.00e-01  4.99e-01  6.66e-01  5.22e-01
  5.18e-01 -2.80e-01  6.40e-01  4.55e-01  4.46e-01  1.16e+00  8.02e-01
  6.52e-01  2.95e-01  5.14e-01  4.18e-01 -1.10e-01  5.60e-01  7.42e-01
  4.19e-01  4.48e-01  6.29e-01  8.06e-01  7.42e-01  4.94e-01  4.15e-02
  1.65e-01  1.24e-01  3.90e-01  6.96e-01  3.72e-01  2.86e-01  1.08e-01
  9.94e-01  9.80e-03  4.86e-01  1.92e-01  1.04e+00  7.34e-01  3.05e-01
  7.33e-01  3.74e-01  2.02e-01  6.55e-01  7.27e-01 -1.60e-01 -5.83e-01
 -1.97e-01  5.06e-01  1.30e-01  2.62e-02  5.12e-01  8.54e-01  3.41e-01
  7.31e-01  1.73e-01  6.14e-01  2.31e-01  9.05e-01  1.16e-01  2.10e-01
 -3.78e-01  4.33e-01  1.31e-01  5.23e-02  4.67e-01  4.92e-01  2.14e-01
  2.53e-01  1.20e-01 -5.51e-02  5.15e-01  3.11e-01  2.72e-01  4.67e-01
  7.25e-01  5.50e-01  1.23e-01  9.51e-01  3.36e-01  2.03e-01  2.02e-01
  1.21e-01  2.10e+00  6.08e-01  2.22e-01  6.99e-01  9.65e-01 -1.27e-02
  1.92e-01 -1.29e-02  1.97e-01  6.33e-02  1.13e+00  2.86e-01  1.11e+00
 -6.02e-02  5.89e-01  2.62e-01 -1.04e-01  9.36e-01  4.41e-01  5.71e-01
  2.83e-01 -1.37e-02  8.00e-01 -4.29e-01  5.90e-01  1.57e-01  4.71e-01
  2.60e-01 -1.23e-01 -4.05e-01  5.96e-01  1.45e+00  1.09e+00  4.89e-01
  2.65e-01  4.78e-01  4.27e-01  9.61e-01  7.61e-01  6.05e-01  1.91e-01
  2.95e-01  1.94e-01  4.39e-01  3.85e-01  1.76e-01  7.34e-01  7.74e-01
  5.24e-01  7.37e-01  9.09e-02 -3.67e-01  6.89e-01  8.12e-01 -1.25e-01
  1.35e+00  3.47e-01  8.22e-01  6.84e-01 -1.88e-01  1.84e-01  5.11e-01
  2.55e-01  4.94e-03  2.17e-01  1.00e+00  7.03e-01  7.69e-01  8.25e-01
  1.15e-01 -1.61e-01  4.67e-01  2.86e-01  3.20e-01  6.49e-01  7.57e-01
  6.96e-01  7.44e-01  1.03e+00  6.72e-01  1.73e-01  5.99e-01  4.62e-01
  3.76e-01  1.51e-01  7.63e-01  3.64e-01  4.03e-01  2.81e-01  1.06e+00
  7.33e-01  2.00e-01  7.55e-01  4.68e-02 -1.42e-01  3.41e-01  4.22e-01
 -1.35e-01  2.26e-01  6.53e-01  4.07e-01  8.13e-01  4.28e-01  1.54e-01
  8.08e-01  8.99e-01  1.85e-01  1.11e+00  1.60e-01 -2.09e-01  8.97e-01
 -6.64e-03  3.94e-01  1.67e-01  9.90e-01  1.59e+00 -1.49e-01  7.43e-01
  7.27e-01 -2.40e-01  3.02e-01  1.55e-01  1.97e-01  4.19e-01  9.13e-01
  5.68e-01  3.41e-01  8.09e-01 -9.77e-02  2.91e-01  5.87e-01  2.78e-01
  2.75e-01  8.30e-02 -4.33e-01  4.48e-01  3.76e-01  8.90e-01  4.39e-01
  3.48e-01  5.83e-01  1.09e+00  9.56e-01 -1.08e-01  2.77e-01  1.53e-01
  7.28e-01  3.43e-01  5.89e-01  6.13e-01  7.35e-01  5.86e-01  8.35e-01
  7.17e-01  5.85e-01  3.86e-01 -1.53e-01  7.17e-01  3.42e-01  3.89e-02
  2.84e-01  3.75e-01  6.45e-01  2.40e-01  2.20e-02  3.31e-02  5.29e-01
  8.64e-01  8.48e-01  3.76e-01  2.97e-01 -5.31e-01  7.18e-01  7.93e-01
  4.18e-01  6.54e-01  3.51e-01  6.42e-01  9.21e-01  2.94e-02  1.37e-02
  4.67e-01  1.05e+00  6.20e-01  4.01e-01  2.66e-01  2.47e-01  1.02e+00
  4.40e-01  7.45e-01  8.34e-01  1.27e-01  4.69e-01  7.51e-01  3.75e-01
  9.01e-01  3.77e-01  5.42e-01 -9.98e-02  5.43e-01  5.45e-01  5.81e-01
  7.76e-01  1.01e+00  4.70e-01  5.43e-01  6.91e-01  1.32e-01  6.35e-01
  3.70e-01  2.20e-01  7.83e-01  3.68e-01  6.40e-02 -3.59e-01 -9.20e-02
  4.32e-01  2.65e-01  1.62e-01  2.42e-01  3.16e-01  7.07e-01 -2.23e-01
  3.20e-01  1.07e-01  5.96e-01  5.32e-01  7.25e-01 -4.44e-01  8.03e-01
  4.30e-01  1.42e+00  8.45e-01  7.53e-01  3.42e-01 -7.90e-02  5.93e-01
  5.45e-02  4.19e-01  3.29e-01  1.57e-01  8.61e-01  5.48e-01  8.97e-01
  6.51e-01  5.69e-01  5.50e-01  4.24e-01  1.22e+00  6.87e-01  2.95e-01
  7.22e-01  6.83e-01  1.65e-01  4.38e-01  5.03e-01  3.44e-01  1.49e-01
  8.70e-02  6.77e-01  8.91e-02  8.63e-01 -1.01e-01  1.23e+00  6.54e-01
  6.54e-01  2.13e-02  4.61e-01  1.30e+00  3.87e-01  6.29e-01  9.40e-01
  8.15e-01  1.37e-01  5.36e-01  1.24e+00  2.29e-01  4.53e-01 -1.63e-01
  1.15e+00
